1.020000000000000073e-02 6.052218125311515706e+01
1.020393700787401714e-02 6.064842369782008547e+01
1.020787401574803181e-02 6.077476914305685796e+01
1.021181102362204822e-02 6.090121762236038450e+01
1.021574803149606289e-02 6.102776916925837014e+01
1.021968503937007930e-02 6.115442381727000054e+01
1.022362204724409571e-02 6.128118159991068126e+01
1.022755905511811038e-02 6.140804255068197648e+01
1.023149606299212679e-02 6.153500670308000053e+01
1.023543307086614319e-02 6.166207409059975930e+01
1.023937007874015787e-02 6.178924474671956091e+01
1.024330708661417427e-02 6.191651870491314469e+01
1.024724409448818895e-02 6.204389599865016436e+01
1.025118110236220535e-02 6.217137666138704333e+01
1.025511811023622176e-02 6.229896072657524542e+01
1.025905511811023643e-02 6.242664822766161592e+01
1.026299212598425284e-02 6.255443919807808584e+01
1.026692913385826751e-02 6.268233367125429822e+01
1.027086614173228392e-02 6.281033168061046723e+01
1.027480314960630033e-02 6.293843325955973711e+01
1.027874015748031500e-02 6.306663844150557452e+01
1.028267716535433141e-02 6.319494725984430517e+01
1.028661417322834781e-02 6.332335974796570355e+01
1.029055118110236249e-02 6.345187593925064817e+01
1.029448818897637889e-02 6.358049586707087286e+01
1.029842519685039356e-02 6.370921956479280368e+01
1.030236220472440997e-02 6.383804706577333832e+01
1.030629921259842638e-02 6.396697840336015162e+01
1.031023622047244105e-02 6.409601361089592331e+01
1.031417322834645746e-02 6.422515272171129652e+01
1.031811023622047213e-02 6.435439576913388748e+01
1.032204724409448854e-02 6.448374278647811764e+01
1.032598425196850495e-02 6.461319380705502624e+01
1.032992125984251962e-02 6.474274886416344543e+01
1.033385826771653603e-02 6.487240799109531508e+01
1.033779527559055070e-02 6.500217122113515700e+01
1.034173228346456710e-02 6.513203858756098441e+01
1.034566929133858351e-02 6.526201012363782183e+01
1.034960629921259818e-02 6.539208586262617473e+01
1.035354330708661459e-02 6.552226583777944313e+01
1.035748031496063100e-02 6.565255008233677358e+01
1.036141732283464567e-02 6.578293862953488258e+01
1.036535433070866208e-02 6.591343151260038269e+01
1.036929133858267675e-02 6.604402876475187156e+01
1.037322834645669316e-02 6.617473041919743082e+01
1.037716535433070957e-02 6.630553650913915931e+01
1.038110236220472424e-02 6.643644706776942144e+01
1.038503937007874064e-02 6.656746212827297882e+01
1.038897637795275532e-02 6.669858172382654971e+01
1.039291338582677172e-02 6.682980588759626528e+01
1.039685039370078813e-02 6.696113465274069654e+01
1.040078740157480280e-02 6.709256805241292909e+01
1.040472440944881921e-02 6.722410611975347194e+01
1.040866141732283562e-02 6.735574888789365389e+01
1.041259842519685029e-02 6.748749638996200417e+01
1.041653543307086670e-02 6.761934865907242909e+01
1.042047244094488137e-02 6.775130572833369058e+01
1.042440944881889778e-02 6.788336763084339509e+01
1.042834645669291418e-02 6.801553439969339365e+01
1.043228346456692886e-02 6.814780606796352913e+01
1.043622047244094526e-02 6.828018266872889797e+01
1.044015748031495994e-02 6.841266423505194894e+01
1.044409448818897634e-02 6.854525079998927595e+01
1.044803149606299275e-02 6.867794239658678634e+01
1.045196850393700742e-02 6.881073905788237255e+01
1.045590551181102383e-02 6.894364081690551416e+01
1.045984251968504024e-02 6.907664770667851428e+01
1.046377952755905491e-02 6.920975976020815779e+01
1.046771653543307132e-02 6.934297701050140006e+01
1.047165354330708599e-02 6.947629949054930876e+01
1.047559055118110240e-02 6.960972723333810563e+01
1.047952755905511880e-02 6.974326027184439170e+01
1.048346456692913348e-02 6.987689863903244714e+01
1.048740157480314988e-02 7.001064236786376682e+01
1.049133858267716456e-02 7.014449149128409999e+01
1.049527559055118096e-02 7.027844604223460578e+01
1.049921259842519737e-02 7.041250605364687942e+01
1.050314960629921204e-02 7.054667155844346382e+01
1.050708661417322845e-02 7.068094258953607323e+01
1.051102362204724486e-02 7.081531917982891855e+01
1.051496062992125953e-02 7.094980136221587941e+01
1.051889763779527594e-02 7.108438916958380105e+01
1.052283464566929061e-02 7.121908263480874268e+01
1.052677165354330702e-02 7.135388179075793857e+01
1.053070866141732342e-02 7.148878667029076439e+01
1.053464566929133810e-02 7.162379730625563923e+01
1.053858267716535450e-02 7.175891373149019614e+01
1.054251968503936918e-02 7.189413597882742124e+01
1.054645669291338558e-02 7.202946408108623189e+01
1.055039370078740199e-02 7.216489807108358434e+01
1.055433070866141666e-02 7.230043798161597124e+01
1.055826771653543307e-02 7.243608384548082313e+01
1.056220472440944774e-02 7.257183569546050705e+01
1.056614173228346415e-02 7.270769356433059727e+01
1.057007874015748056e-02 7.284365748485740255e+01
1.057401574803149523e-02 7.297972748979620405e+01
1.057795275590551164e-02 7.311590361189153953e+01
1.058188976377952804e-02 7.325218588388385399e+01
1.058582677165354272e-02 7.338857433849838685e+01
1.058976377952755912e-02 7.352506900845540372e+01
1.059370078740157380e-02 7.366166992646321887e+01
1.059763779527559020e-02 7.379837712522132165e+01
1.060157480314960661e-02 7.393519063741884167e+01
1.060551181102362128e-02 7.407211049573700734e+01
1.060944881889763769e-02 7.420913673284587730e+01
1.061338582677165410e-02 7.434626938140766583e+01
1.061732283464566877e-02 7.448350847407311903e+01
1.062125984251968518e-02 7.462085404348489703e+01
1.062519685039369985e-02 7.475830612227441918e+01
1.062913385826771626e-02 7.489586474306673836e+01
1.063307086614173266e-02 7.503352993847296659e+01
1.063700787401574734e-02 7.517130174109820473e+01
1.064094488188976374e-02 7.530918018353429488e+01
1.064488188976377842e-02 7.544716529836721008e+01
1.064881889763779482e-02 7.558525711817232207e+01
1.065275590551181123e-02 7.572345567551138856e+01
1.065669291338582590e-02 7.586176100294113667e+01
1.066062992125984231e-02 7.600017313300702426e+01
1.066456692913385698e-02 7.613869209824291318e+01
1.066850393700787339e-02 7.627731793117739301e+01
1.067244094488188980e-02 7.641605066432410354e+01
1.067637795275590447e-02 7.655489033018963596e+01
1.068031496062992088e-02 7.669383696126926964e+01
1.068425196850393728e-02 7.683289059004982846e+01
1.068818897637795196e-02 7.697205124900801820e+01
1.069212598425196836e-02 7.711131897060934648e+01
1.069606299212598303e-02 7.725069378731248548e+01
1.069999999999999944e-02 7.739017573156229446e+01
