1.020000000000000073e-02 6.250013285256449791e+01
1.020393700787401714e-02 6.256743731299948763e+01
1.020787401574803181e-02 6.263491604366267040e+01
1.021181102362204822e-02 6.270100263974283905e+01
1.021574803149606289e-02 6.276883170700362058e+01
1.021968503937007930e-02 6.283683855932326168e+01
1.022362204724409571e-02 6.290502439748694741e+01
1.022755905511811038e-02 6.297339043650644186e+01
1.023149606299212679e-02 6.304193790584336199e+01
1.023543307086614319e-02 6.311066804964013954e+01
1.023937007874015787e-02 6.317958212695184272e+01
1.024330708661417427e-02 6.324865366137278500e+01
1.024724409448818895e-02 6.331781903034733716e+01
1.025118110236220535e-02 6.338716547304678528e+01
1.025511811023622176e-02 6.345669405996407875e+01
1.025905511811023643e-02 6.352640587158941798e+01
1.026299212598425284e-02 6.359630199853907584e+01
1.026692913385826751e-02 6.366638354168484426e+01
1.027086614173228392e-02 6.373665161228723974e+01
1.027480314960630033e-02 6.380710733212969643e+01
1.027874015748031500e-02 6.387775183365491216e+01
1.028267716535433141e-02 6.394858626010441327e+01
1.028661417322834781e-02 6.401961176565961864e+01
1.029055118110236249e-02 6.409082951558437458e+01
1.029448818897637889e-02 6.416224068637257005e+01
1.029842519685039356e-02 6.423384646589441616e+01
1.030236220472440997e-02 6.430564805354896407e+01
1.030629921259842638e-02 6.437764666041525174e+01
1.031023622047244105e-02 6.444984350940997331e+01
1.031417322834645746e-02 6.452223983544394059e+01
1.031811023622047213e-02 6.459483688558428582e+01
1.032204724409448854e-02 6.466763591921733223e+01
1.032598425196850495e-02 6.474063820821494630e+01
1.032992125984251962e-02 6.481384503710353329e+01
1.033385826771653603e-02 6.488725770323630115e+01
1.033779527559055070e-02 6.496028159314221284e+01
1.034173228346456710e-02 6.503406706068224707e+01
1.034566929133858351e-02 6.510805979545808952e+01
1.034960629921259818e-02 6.518226102467700400e+01
1.035354330708661459e-02 6.525667198434661032e+01
1.035748031496063100e-02 6.533292720164372724e+01
1.036141732283464567e-02 6.540776323638829126e+01
1.036535433070866208e-02 6.548281276792778272e+01
1.036929133858267675e-02 6.555807706767123477e+01
1.037322834645669316e-02 6.563355741590005721e+01
1.037716535433070957e-02 6.570925503567194426e+01
1.038110236220472424e-02 6.578517135239401625e+01
1.038503937007874064e-02 6.586130761141443202e+01
1.038897637795275532e-02 6.593766512851499328e+01
1.039291338582677172e-02 6.601424522834824415e+01
1.039685039370078813e-02 6.609104924442654294e+01
1.040078740157480280e-02 6.616810324857928549e+01
1.040472440944881921e-02 6.624545987011825332e+01
1.040866141732283562e-02 6.632304977484690767e+01
1.041259842519685029e-02 6.640087456558796930e+01
1.041653543307086670e-02 6.647893586288772383e+01
1.042047244094488137e-02 6.655723530529796506e+01
1.042440944881889778e-02 6.663577454966369373e+01
1.042834645669291418e-02 6.671455535662160230e+01
1.043228346456692886e-02 6.679357925652072936e+01
1.043622047244094526e-02 6.687284804210462141e+01
1.044015748031495994e-02 6.695236344643149096e+01
1.044409448818897634e-02 6.703212722239288723e+01
1.044803149606299275e-02 6.711214114304310385e+01
1.045196850393700742e-02 6.719240700193550708e+01
1.045590551181102383e-02 6.727292661346717750e+01
1.045984251968504024e-02 6.735370181323025918e+01
1.046377952755905491e-02 6.743473445837422275e+01
1.046771653543307132e-02 6.751602642797338660e+01
1.047165354330708599e-02 6.759757962340658821e+01
1.047559055118110240e-02 6.767939596874276731e+01
1.047952755905511880e-02 6.776147741113879874e+01
1.048346456692913348e-02 6.784382592124437394e+01
1.048740157480314988e-02 6.792644349361945899e+01
1.049133858267716456e-02 6.800933214716012287e+01
1.049527559055118096e-02 6.809249392553549285e+01
1.049921259842519737e-02 6.817593089763695957e+01
1.050314960629921204e-02 6.825964515803686083e+01
1.050708661417322845e-02 6.834363882746033880e+01
1.051102362204724486e-02 6.842791405326885013e+01
1.051496062992125953e-02 6.851247300995605372e+01
1.051889763779527594e-02 6.859731789965802307e+01
1.052283464566929061e-02 6.868245095267403144e+01
1.052677165354330702e-02 6.876787442800521433e+01
1.053070866141732342e-02 6.885359061390479951e+01
1.053464566929133810e-02 6.893960182844342910e+01
1.053858267716535450e-02 6.902591042009177613e+01
1.054251968503936918e-02 6.911251876831690311e+01
1.054645669291338558e-02 6.919942928419877148e+01
1.055039370078740199e-02 6.928664441105858884e+01
1.055433070866141666e-02 6.937416662510977972e+01
1.055826771653543307e-02 6.946199843612626523e+01
1.056220472440944774e-02 6.955014238812822214e+01
1.056614173228346415e-02 6.963860106008981177e+01
1.057007874015748056e-02 6.972737706666680424e+01
1.057401574803149523e-02 6.981647305894524891e+01
1.057795275590551164e-02 6.990589172521360695e+01
1.058188976377952804e-02 6.999563773442019965e+01
1.058582677165354272e-02 7.008571004748347377e+01
1.058976377952755912e-02 7.017611333373805849e+01
1.059370078740157380e-02 7.026685043857735025e+01
1.059763779527559020e-02 7.035792424882326657e+01
1.060157480314960661e-02 7.044933769365194109e+01
1.060551181102362128e-02 7.054109374554788303e+01
1.060944881889763769e-02 7.063319542128841988e+01
1.061338582677165410e-02 7.072594114238474106e+01
1.061732283464566877e-02 7.081874857967649461e+01
1.062125984251968518e-02 7.091191107067231769e+01
1.062519685039369985e-02 7.100543182201489856e+01
1.062913385826771626e-02 7.109931409011612402e+01
1.063307086614173266e-02 7.119356118235292286e+01
1.063700787401574734e-02 7.128817645830652339e+01
1.064094488188976374e-02 7.138316333104175726e+01
1.064488188976377842e-02 7.147852526843256271e+01
1.064881889763779482e-02 7.157426579453222359e+01
1.065275590551181123e-02 7.167038849099249376e+01
1.065669291338582590e-02 7.176689699853338311e+01
1.066062992125984231e-02 7.186199842358863066e+01
1.066456692913385698e-02 7.195928728710539701e+01
1.066850393700787339e-02 7.205697324384178160e+01
1.067244094488188980e-02 7.215506018647597841e+01
1.067637795275590447e-02 7.225355207493900878e+01
1.068031496062992088e-02 7.235245293823814450e+01
1.068425196850393728e-02 7.245176687634912582e+01
1.068818897637795196e-02 7.255149806218079789e+01
1.069212598425196836e-02 7.265165074361509312e+01
1.069606299212598303e-02 7.275222924562710602e+01
1.069999999999999944e-02 7.285323797248605615e+01
