1.020000000000000073e-02 6.287159032097360267e+01
1.020393700787401714e-02 6.293918996327427351e+01
1.020787401574803181e-02 6.300689618560731020e+01
1.021181102362204822e-02 6.307464206594602985e+01
1.021574803149606289e-02 6.314264111062372109e+01
1.021968503937007930e-02 6.321081217374827332e+01
1.022362204724409571e-02 6.327915620543649311e+01
1.022755905511811038e-02 6.334767416298713982e+01
1.023149606299212679e-02 6.341636701092951967e+01
1.023543307086614319e-02 6.348523572107143309e+01
1.023937007874015787e-02 6.355428127254721460e+01
1.024330708661417427e-02 6.362350465186571569e+01
1.024724409448818895e-02 6.369290685295753462e+01
1.025118110236220535e-02 6.376248887722174885e+01
1.025511811023622176e-02 6.383225173357284632e+01
1.025905511811023643e-02 6.390219643848661235e+01
1.026299212598425284e-02 6.397232401604632201e+01
1.026692913385826751e-02 6.404263549798695010e+01
1.027086614173228392e-02 6.411313192374097980e+01
1.027480314960630033e-02 6.418381434048154688e+01
1.027874015748031500e-02 6.425468380316618777e+01
1.028267716535433141e-02 6.432574137457974928e+01
1.028661417322834781e-02 6.439698812537582739e+01
1.029055118110236249e-02 6.446842513411864672e+01
1.029448818897637889e-02 6.454005348732290770e+01
1.029842519685039356e-02 6.461187427949353435e+01
1.030236220472440997e-02 6.468388861316451255e+01
1.030629921259842638e-02 6.475609759893585249e+01
1.031023622047244105e-02 6.482850235551049423e+01
1.031417322834645746e-02 6.490110400972984905e+01
1.031811023622047213e-02 6.497390369660730869e+01
1.032204724409448854e-02 6.504690255936263554e+01
1.032598425196850495e-02 6.512010174945184815e+01
1.032992125984251962e-02 6.519513226415996598e+01
1.033385826771653603e-02 6.526873743646731896e+01
1.033779527559055070e-02 6.534254644529065104e+01
1.034173228346456710e-02 6.541656047535207108e+01
1.034566929133858351e-02 6.549078071974562931e+01
1.034960629921259818e-02 6.556520837996124840e+01
1.035354330708661459e-02 6.563984466590363809e+01
1.035748031496063100e-02 6.571469079591075513e+01
1.036141732283464567e-02 6.578974799677000362e+01
1.036535433070866208e-02 6.586501750373179220e+01
1.036929133858267675e-02 6.594050056052101638e+01
1.037322834645669316e-02 6.601619841934640931e+01
1.037716535433070957e-02 6.609220263073565604e+01
1.038110236220472424e-02 6.616843227275296613e+01
1.038503937007874064e-02 6.624488542685317327e+01
1.038897637795275532e-02 6.632156358409766028e+01
1.039291338582677172e-02 6.639846825152395127e+01
1.039685039370078813e-02 6.647560095239005307e+01
1.040078740157480280e-02 6.655296322642463736e+01
1.040472440944881921e-02 6.663055663008312024e+01
1.040866141732283562e-02 6.670838273680753616e+01
1.041259842519685029e-02 6.678644313729354565e+01
1.041653543307086670e-02 6.686473943976272949e+01
1.042047244094488137e-02 6.694327337494947017e+01
1.042440944881889778e-02 6.702204638685971361e+01
1.042834645669291418e-02 6.710106023217872462e+01
1.043228346456692886e-02 6.718031659382528176e+01
1.043622047244094526e-02 6.725981717197923615e+01
1.044015748031495994e-02 6.733956368611119103e+01
1.044409448818897634e-02 6.741955787529957433e+01
1.044803149606299275e-02 6.749980149855453249e+01
1.045196850393700742e-02 6.758029633515087653e+01
1.045590551181102383e-02 6.766104418496691153e+01
1.045984251968504024e-02 6.774204686883119564e+01
1.046377952755905491e-02 6.782330622887967309e+01
1.046771653543307132e-02 6.790482412891752517e+01
1.047165354330708599e-02 6.798660245479391051e+01
1.047559055118110240e-02 6.806864311478109641e+01
1.047952755905511880e-02 6.815094803996625217e+01
1.048346456692913348e-02 6.823351918465132826e+01
1.048740157480314988e-02 6.831635852676247112e+01
1.049133858267716456e-02 6.839946806827042280e+01
1.049527559055118096e-02 6.848284983562015782e+01
1.049921259842519737e-02 6.856650588017166115e+01
1.050314960629921204e-02 6.865043827865342507e+01
1.050708661417322845e-02 6.873464913362367668e+01
1.051102362204724486e-02 6.881914057394789097e+01
1.051496062992125953e-02 6.890391475528518583e+01
1.051889763779527594e-02 6.898897386058888515e+01
1.052283464566929061e-02 6.907432010061975802e+01
1.052677165354330702e-02 6.915995571447237467e+01
1.053070866141732342e-02 6.924588297011666782e+01
1.053464566929133810e-02 6.933210416495290929e+01
1.053858267716535450e-02 6.941862162638130940e+01
1.054251968503936918e-02 6.950543771238889690e+01
1.054645669291338558e-02 6.959255481214988492e+01
1.055039370078740199e-02 6.967997534664516479e+01
1.055433070866141666e-02 6.976770176929707645e+01
1.055826771653543307e-02 6.985573656662363362e+01
1.056220472440944774e-02 6.994408225890913400e+01
1.056614173228346415e-02 7.003274140089575894e+01
1.057007874015748056e-02 7.012171658249582151e+01
1.057401574803149523e-02 7.021101042952034277e+01
1.057795275590551164e-02 7.030062560443418818e+01
1.058188976377952804e-02 7.039056687626496966e+01
1.058582677165354272e-02 7.048083292648551890e+01
1.058976377952755912e-02 7.057142852268650302e+01
1.059370078740157380e-02 7.066235648202054165e+01
1.059763779527559020e-02 7.075361966240845391e+01
1.060157480314960661e-02 7.084522096344004183e+01
1.060551181102362128e-02 7.093716332729857754e+01
1.060944881889763769e-02 7.102944973971870013e+01
1.061338582677165410e-02 7.112208323097097207e+01
1.061732283464566877e-02 7.121536441415501884e+01
1.062125984251968518e-02 7.130870664058485886e+01
1.062519685039369985e-02 7.140240541764433146e+01
1.062913385826771626e-02 7.149646396643183266e+01
1.063307086614173266e-02 7.159088555805229248e+01
1.063700787401574734e-02 7.168567351481344474e+01
1.064094488188976374e-02 7.178083121145870393e+01
1.064488188976377842e-02 7.187636207644290209e+01
1.064881889763779482e-02 7.197047028651098799e+01
1.065275590551181123e-02 7.206675558783001634e+01
1.065669291338582590e-02 7.216342466894072061e+01
1.066062992125984231e-02 7.226048118669909570e+01
1.066456692913385698e-02 7.235792885873354408e+01
1.066850393700787339e-02 7.245577146500970400e+01
1.067244094488188980e-02 7.255401284945011753e+01
1.067637795275590447e-02 7.265265692161054289e+01
1.068031496062992088e-02 7.275170765841940579e+01
1.068425196850393728e-02 7.285116910597901096e+01
1.068818897637795196e-02 7.295104538143451123e+01
1.069212598425196836e-02 7.305134067491013639e+01
1.069606299212598303e-02 7.315198368419014230e+01
1.069999999999999944e-02 7.325302061512503826e+01
